²½Öè		×´Ì¬		·ûºÅ		ÊäÈë´®		ACTION		GOTO
----------------------------------------------------------------------------------------
0		
#0,		#		s2
1		
#0,2,		#*		s3
2		
#0,2,3,		#*m		s4
3		
#0,2,3,4,		#*m<		s6
4		
#0,2,3,4,6,		#*m<v		r2
		5
5		
#0,2,3,4,5,		#*m<I		s7
6		
#0,2,3,4,5,7,		#*m<I>		s13
7		
#0,2,3,4,5,7,13,		#*m<I>l		r7
		9
8		
#0,2,3,4,5,7,9,		#*m<I>B		s17
9		
#0,2,3,4,5,7,9,17,		#*m<I>Bo		r9
		15
10		
#0,2,3,4,5,7,9,15,		#*m<I>BC		s18
11		
#0,2,3,4,5,7,9,15,18,		#*m<I>BC(		s19
12		
#0,2,3,4,5,7,9,15,18,19,		#*m<I>BC()		s20
13		
#0,2,3,4,5,7,9,15,18,19,20,		#*m<I>BC(){		s33
14		
#0,2,3,4,5,7,9,15,18,19,20,33,		#*m<I>BC(){l		r14
		21
15		
#0,2,3,4,5,7,9,15,18,19,20,21,		#*m<I>BC(){D		s36
16		
#0,2,3,4,5,7,9,15,18,19,20,21,36,		#*m<I>BC(){D2		s49
17		
#0,2,3,4,5,7,9,15,18,19,20,21,36,49,		#*m<I>BC(){D2,		s36
18		
#0,2,3,4,5,7,9,15,18,19,20,21,36,49,36,		#*m<I>BC(){D2,2		s49
19		
#0,2,3,4,5,7,9,15,18,19,20,21,36,49,36,49,		#*m<I>BC(){D2,2,		s36
20		
#0,2,3,4,5,7,9,15,18,19,20,21,36,49,36,49,36,		#*m<I>BC(){D2,2,2		r25
		61
21		
#0,2,3,4,5,7,9,15,18,19,20,21,36,49,36,49,61,		#*m<I>BC(){D2,2,N		r26
		61
22		
#0,2,3,4,5,7,9,15,18,19,20,21,36,49,61,		#*m<I>BC(){D2,N		r26
		35
23		
#0,2,3,4,5,7,9,15,18,19,20,21,35,		#*m<I>BC(){DN		s48
24		
#0,2,3,4,5,7,9,15,18,19,20,21,35,48,		#*m<I>BC(){DN;		r27
		47
25		
#0,2,3,4,5,7,9,15,18,19,20,21,35,47,		#*m<I>BC(){DNZ		r24
		25
26		
#0,2,3,4,5,7,9,15,18,19,20,25,		#*m<I>BC(){T		s41
27		
#0,2,3,4,5,7,9,15,18,19,20,25,41,		#*m<I>BC(){T2		s56
28		
#0,2,3,4,5,7,9,15,18,19,20,25,41,56,		#*m<I>BC(){T2=		s59
29		
#0,2,3,4,5,7,9,15,18,19,20,25,41,56,59,		#*m<I>BC(){T2=3		s72
30		
#0,2,3,4,5,7,9,15,18,19,20,25,41,56,59,72,		#*m<I>BC(){T2=3;		r37
		24
31		
#0,2,3,4,5,7,9,15,18,19,20,25,24,		#*m<I>BC(){TL		s41
32		
#0,2,3,4,5,7,9,15,18,19,20,25,24,41,		#*m<I>BC(){TL2		s56
33		
#0,2,3,4,5,7,9,15,18,19,20,25,24,41,56,		#*m<I>BC(){TL2=		s59
34		
#0,2,3,4,5,7,9,15,18,19,20,25,24,41,56,59,		#*m<I>BC(){TL2=3		s72
35		
#0,2,3,4,5,7,9,15,18,19,20,25,24,41,56,59,72,		#*m<I>BC(){TL2=3;		r37
		24
36		
#0,2,3,4,5,7,9,15,18,19,20,25,24,24,		#*m<I>BC(){TLL		s41
37		
#0,2,3,4,5,7,9,15,18,19,20,25,24,24,41,		#*m<I>BC(){TLL2		s56
38		
#0,2,3,4,5,7,9,15,18,19,20,25,24,24,41,56,		#*m<I>BC(){TLL2=		s59
39		
#0,2,3,4,5,7,9,15,18,19,20,25,24,24,41,56,59,		#*m<I>BC(){TLL2=3		s72
40		
#0,2,3,4,5,7,9,15,18,19,20,25,24,24,41,56,59,72,		#*m<I>BC(){TLL2=3;		r37
		24
41		
#0,2,3,4,5,7,9,15,18,19,20,25,24,24,24,		#*m<I>BC(){TLLL		s34
42		
#0,2,3,4,5,7,9,15,18,19,20,25,24,24,24,34,		#*m<I>BC(){TLLLu		s46
43		
#0,2,3,4,5,7,9,15,18,19,20,25,24,24,24,34,46,		#*m<I>BC(){TLLLu(		s55
44		
#0,2,3,4,5,7,9,15,18,19,20,25,24,24,24,34,46,55,		#*m<I>BC(){TLLLu(345		
#0,2,3,4,5,7,9,15,18,19,20,25,24,24,24,34,46,55,		#*m<I>BC(){TLLLu(346		
#0,2,3,4,5,7,9,15,18,19,20,25,24,24,24,34,46,55,		#*m<I>BC(){TLLLu(347		
#0,2,3,4,5,7,9,15,18,19,20,25,24,24,24,34,46,55,		#*m<I>BC(){TLLLu(3		r39
		53
48		
#0,2,3,4,5,7,9,15,18,19,20,25,24,24,24,34,46,53,		#*m<I>BC(){TLLLu(Y		s65
49		
#0,2,3,4,5,7,9,15,18,19,20,25,24,24,24,34,46,53,65,		#*m<I>BC(){TLLLu(Y=50		
#0,2,3,4,5,7,9,15,18,19,20,25,24,24,24,34,46,53,65,		#*m<I>BC(){TLLLu(Y=51		
#0,2,3,4,5,7,9,15,18,19,20,25,24,24,24,34,46,53,65,		#*m<I>BC(){TLLLu(Y=52		
#0,2,3,4,5,7,9,15,18,19,20,25,24,24,24,34,46,53,65,		#*m<I>BC(){TLLLu(Y=53		
#0,2,3,4,5,7,9,15,18,19,20,25,24,24,24,34,46,53,65,		#*m<I>BC(){TLLLu(Y=54		
#0,2,3,4,5,7,9,15,18,19,20,25,24,24,24,34,46,53,65,		#*m<I>BC(){TLLLu(Y=		s79
55		
#0,2,3,4,5,7,9,15,18,19,20,25,24,24,24,34,46,53,65,79,		#*m<I>BC(){TLLLu(Y==		s76
56		
#0,2,3,4,5,7,9,15,18,19,20,25,24,24,24,34,46,53,65,79,76,		#*m<I>BC(){TLLLu(Y==257		
#0,2,3,4,5,7,9,15,18,19,20,25,24,24,24,34,46,53,65,79,76,		#*m<I>BC(){TLLLu(Y==258		
#0,2,3,4,5,7,9,15,18,19,20,25,24,24,24,34,46,53,65,79,76,		#*m<I>BC(){TLLLu(Y==259		
#0,2,3,4,5,7,9,15,18,19,20,25,24,24,24,34,46,53,65,79,76,		#*m<I>BC(){TLLLu(Y==260		
#0,2,3,4,5,7,9,15,18,19,20,25,24,24,24,34,46,53,65,79,76,		#*m<I>BC(){TLLLu(Y==261		
#0,2,3,4,5,7,9,15,18,19,20,25,24,24,24,34,46,53,65,79,76,		#*m<I>BC(){TLLLu(Y==262		
#0,2,3,4,5,7,9,15,18,19,20,25,24,24,24,34,46,53,65,79,76,		#*m<I>BC(){TLLLu(Y==263		
#0,2,3,4,5,7,9,15,18,19,20,25,24,24,24,34,46,53,65,79,76,		#*m<I>BC(){TLLLu(Y==2		r38
		96
64		
#0,2,3,4,5,7,9,15,18,19,20,25,24,24,24,34,46,53,65,79,96,		#*m<I>BC(){TLLLu(Y==Y		r35
		60
65		
#0,2,3,4,5,7,9,15,18,19,20,25,24,24,24,34,46,60,		#*m<I>BC(){TLLLu(U		s73
66		
#0,2,3,4,5,7,9,15,18,19,20,25,24,24,24,34,46,60,73,		#*m<I>BC(){TLLLu(U)		s85
67		
#0,2,3,4,5,7,9,15,18,19,20,25,24,24,24,34,46,60,73,85,		#*m<I>BC(){TLLLu(U){		s93
68		
#0,2,3,4,5,7,9,15,18,19,20,25,24,24,24,34,46,60,73,85,93,		#*m<I>BC(){TLLLu(U){2		s107
69		
#0,2,3,4,5,7,9,15,18,19,20,25,24,24,24,34,46,60,73,85,93,107,		#*m<I>BC(){TLLLu(U){2=		s58
70		
#0,2,3,4,5,7,9,15,18,19,20,25,24,24,24,34,46,60,73,85,93,107,58,		#*m<I>BC(){TLLLu(U){2=2		r38
		115
71		
#0,2,3,4,5,7,9,15,18,19,20,25,24,24,24,34,46,60,73,85,93,107,115,		#*m<I>BC(){TLLLu(U){2=Y		s68
72		
#0,2,3,4,5,7,9,15,18,19,20,25,24,24,24,34,46,60,73,85,93,107,115,68,		#*m<I>BC(){TLLLu(U){2=Y*		r42
		120
73		
#0,2,3,4,5,7,9,15,18,19,20,25,24,24,24,34,46,60,73,85,93,107,115,120,		#*m<I>BC(){TLLLu(U){2=YQ		s84
74		
#0,2,3,4,5,7,9,15,18,19,20,25,24,24,24,34,46,60,73,85,93,107,115,120,84,		#*m<I>BC(){TLLLu(U){2=YQ3		r39
		125
75		
#0,2,3,4,5,7,9,15,18,19,20,25,24,24,24,34,46,60,73,85,93,107,115,120,125,		#*m<I>BC(){TLLLu(U){2=YQY		s129
76		
#0,2,3,4,5,7,9,15,18,19,20,25,24,24,24,34,46,60,73,85,93,107,115,120,125,129,		#*m<I>BC(){TLLLu(U){2=YQY;		r36
		92
77		
#0,2,3,4,5,7,9,15,18,19,20,25,24,24,24,34,46,60,73,85,92,		#*m<I>BC(){TLLLu(U){X		r23
		99
78		
#0,2,3,4,5,7,9,15,18,19,20,25,24,24,24,34,46,60,73,85,99,		#*m<I>BC(){TLLLu(U){E		s109
79		
#0,2,3,4,5,7,9,15,18,19,20,25,24,24,24,34,46,60,73,85,99,109,		#*m<I>BC(){TLLLu(U){E}80		
#0,2,3,4,5,7,9,15,18,19,20,25,24,24,24,34,46,60,73,85,99,109,		#*m<I>BC(){TLLLu(U){E}81		
#0,2,3,4,5,7,9,15,18,19,20,25,24,24,24,34,46,60,73,85,99,109,		#*m<I>BC(){TLLLu(U){E}		r30
		26
82		
#0,2,3,4,5,7,9,15,18,19,20,25,24,24,24,26,		#*m<I>BC(){TLLLW		s41
83		
#0,2,3,4,5,7,9,15,18,19,20,25,24,24,24,26,41,		#*m<I>BC(){TLLLW2		s56
84		
#0,2,3,4,5,7,9,15,18,19,20,25,24,24,24,26,41,56,		#*m<I>BC(){TLLLW2=		s58
85		
#0,2,3,4,5,7,9,15,18,19,20,25,24,24,24,26,41,56,58,		#*m<I>BC(){TLLLW2=2		r38
		57
86		
#0,2,3,4,5,7,9,15,18,19,20,25,24,24,24,26,41,56,57,		#*m<I>BC(){TLLLW2=Y		s71
87		
#0,2,3,4,5,7,9,15,18,19,20,25,24,24,24,26,41,56,57,71,		#*m<I>BC(){TLLLW2=Y/		r43
		67
88		
#0,2,3,4,5,7,9,15,18,19,20,25,24,24,24,26,41,56,57,67,		#*m<I>BC(){TLLLW2=YQ		s84
89		
#0,2,3,4,5,7,9,15,18,19,20,25,24,24,24,26,41,56,57,67,84,		#*m<I>BC(){TLLLW2=YQ3		r39
		82
90		
#0,2,3,4,5,7,9,15,18,19,20,25,24,24,24,26,41,56,57,67,82,		#*m<I>BC(){TLLLW2=YQY		s98
91		
#0,2,3,4,5,7,9,15,18,19,20,25,24,24,24,26,41,56,57,67,82,98,		#*m<I>BC(){TLLLW2=YQY;		r36
		27
92		
#0,2,3,4,5,7,9,15,18,19,20,25,24,24,24,26,27,		#*m<I>BC(){TLLLWX		r23
		43
93		
#0,2,3,4,5,7,9,15,18,19,20,25,24,24,24,26,43,		#*m<I>BC(){TLLLWE		r16
		40
94		
#0,2,3,4,5,7,9,15,18,19,20,25,24,24,24,40,		#*m<I>BC(){TLLLE		r21
		40
95		
#0,2,3,4,5,7,9,15,18,19,20,25,24,24,40,		#*m<I>BC(){TLLE		r21
		40
96		
#0,2,3,4,5,7,9,15,18,19,20,25,24,40,		#*m<I>BC(){TLE		r21
		42
97		
#0,2,3,4,5,7,9,15,18,19,20,25,42,		#*m<I>BC(){TE		r22
		22
98		
#0,2,3,4,5,7,9,15,18,19,20,22,		#*m<I>BC(){E		r29
99		
#0,2,3,4,5,7,9,15,18,19,20,		#*m<I>BC(){R		r23
100		
#0,2,3,4,5,7,9,15,18,19,		#*m<I>BC(){E101		
#0,2,3,4,5,7,9,15,18,19,		#*m<I>BC(){E102		
#0,2,3,4,5,7,9,15,18,19,		#*m<I>BC(){E103		
#0,2,3,4,5,7,9,15,18,19,		#*m<I>BC(){E104		
#0,2,3,4,5,7,9,15,18,19,		#*m<I>BC(){E105		
#0,2,3,4,5,7,9,15,18,19,		#*m<I>BC(){E106		
